01 04 14 00 00 00 19 00 00 00 03 28 9F 00 00 00 00 14 20 19 9B 61 4D

01 04 14 : function 

00 00 : Quantity  31055   3 4
00 19 : STD CT   31056   5 6 
00 00 : Quantity of today 31057     7 8 
00 03 : Machine status 31058         9 10
28 9F : PoweOnTimeToday 31059   11 12

00 00 : PowerOffTimeToday 31060   13 14
00 00 : OperationTimeToday 31061   15  16
14 20 : Idle Time today: 31062	17 18
19 9B : ErrorTimeToday 31063   19 20
61 4D : Idle reason code 31064   20 21

01 04 C8 
00 00 00 19 00 00 00 03 31 23 00 00 00 00 1C 1A 1A 25 61 4D
68 63 6E 69 20 65 73 69 4D 20 6E 61 61 75 20 6C 6F 6D 65 64
00 00 00 00 00 00 00 00 00=00 00 00 00 00 00 00 00 00 00 00
00 00 20 20 20 20 30 20 00 00 00 00 00 00 00 00 00 00 00 00
00 00 00 00 00 00 00 00 00 00 00 00 00 00 00 00 00 00 00 00
00 00 00 00 00 00 00 00 00 00 00 00 00 00 00 00 00 00 00 00
00 00 00 00 00 00 00 57 00 00 00 00 00 00 00 00 00 00 00 00
00 00 00 00 00 00 00 00 00 00 00 00 00 00 00 00 00 00 00 00
00 00 00 00 00 00 00 04 00 00 00 00 00 00 00 0F 00 07 00 00
04 E3 00 00 00 00 00 0F 00 1E 00 00 00 00 00 00 00 00 00 00



